{
 "cells": [
  {
   "cell_type": "code",
   "execution_count": 16,
   "metadata": {},
   "outputs": [],
   "source": [
    "import pandas as pd\n",
    "import numpy as np\n",
    "\n",
    "import plotly.express as px\n",
    "\n",
    "from sklearn.model_selection import train_test_split\n",
    "from sklearn.metrics import average_precision_score, recall_score"
   ]
  },
  {
   "cell_type": "code",
   "execution_count": 17,
   "metadata": {},
   "outputs": [],
   "source": [
    "df_heart = pd.read_csv(\"heart.csv\")\n",
    "df_o2Sat = pd.read_csv(\"o2Saturation.csv\")"
   ]
  },
  {
   "cell_type": "code",
   "execution_count": 18,
   "metadata": {},
   "outputs": [
    {
     "name": "stdout",
     "output_type": "stream",
     "text": [
      "<class 'pandas.core.frame.DataFrame'>\n",
      "RangeIndex: 303 entries, 0 to 302\n",
      "Data columns (total 14 columns):\n",
      " #   Column    Non-Null Count  Dtype  \n",
      "---  ------    --------------  -----  \n",
      " 0   age       303 non-null    int64  \n",
      " 1   sex       303 non-null    int64  \n",
      " 2   cp        303 non-null    int64  \n",
      " 3   trtbps    303 non-null    int64  \n",
      " 4   chol      303 non-null    int64  \n",
      " 5   fbs       303 non-null    int64  \n",
      " 6   restecg   303 non-null    int64  \n",
      " 7   thalachh  303 non-null    int64  \n",
      " 8   exng      303 non-null    int64  \n",
      " 9   oldpeak   303 non-null    float64\n",
      " 10  slp       303 non-null    int64  \n",
      " 11  caa       303 non-null    int64  \n",
      " 12  thall     303 non-null    int64  \n",
      " 13  output    303 non-null    int64  \n",
      "dtypes: float64(1), int64(13)\n",
      "memory usage: 33.3 KB\n"
     ]
    },
    {
     "data": {
      "text/html": [
       "<div>\n",
       "<style scoped>\n",
       "    .dataframe tbody tr th:only-of-type {\n",
       "        vertical-align: middle;\n",
       "    }\n",
       "\n",
       "    .dataframe tbody tr th {\n",
       "        vertical-align: top;\n",
       "    }\n",
       "\n",
       "    .dataframe thead th {\n",
       "        text-align: right;\n",
       "    }\n",
       "</style>\n",
       "<table border=\"1\" class=\"dataframe\">\n",
       "  <thead>\n",
       "    <tr style=\"text-align: right;\">\n",
       "      <th></th>\n",
       "      <th>age</th>\n",
       "      <th>sex</th>\n",
       "      <th>cp</th>\n",
       "      <th>trtbps</th>\n",
       "      <th>chol</th>\n",
       "      <th>fbs</th>\n",
       "      <th>restecg</th>\n",
       "      <th>thalachh</th>\n",
       "      <th>exng</th>\n",
       "      <th>oldpeak</th>\n",
       "      <th>slp</th>\n",
       "      <th>caa</th>\n",
       "      <th>thall</th>\n",
       "      <th>output</th>\n",
       "    </tr>\n",
       "  </thead>\n",
       "  <tbody>\n",
       "    <tr>\n",
       "      <th>290</th>\n",
       "      <td>61</td>\n",
       "      <td>1</td>\n",
       "      <td>0</td>\n",
       "      <td>148</td>\n",
       "      <td>203</td>\n",
       "      <td>0</td>\n",
       "      <td>1</td>\n",
       "      <td>161</td>\n",
       "      <td>0</td>\n",
       "      <td>0.0</td>\n",
       "      <td>2</td>\n",
       "      <td>1</td>\n",
       "      <td>3</td>\n",
       "      <td>0</td>\n",
       "    </tr>\n",
       "    <tr>\n",
       "      <th>43</th>\n",
       "      <td>53</td>\n",
       "      <td>0</td>\n",
       "      <td>0</td>\n",
       "      <td>130</td>\n",
       "      <td>264</td>\n",
       "      <td>0</td>\n",
       "      <td>0</td>\n",
       "      <td>143</td>\n",
       "      <td>0</td>\n",
       "      <td>0.4</td>\n",
       "      <td>1</td>\n",
       "      <td>0</td>\n",
       "      <td>2</td>\n",
       "      <td>1</td>\n",
       "    </tr>\n",
       "    <tr>\n",
       "      <th>75</th>\n",
       "      <td>55</td>\n",
       "      <td>0</td>\n",
       "      <td>1</td>\n",
       "      <td>135</td>\n",
       "      <td>250</td>\n",
       "      <td>0</td>\n",
       "      <td>0</td>\n",
       "      <td>161</td>\n",
       "      <td>0</td>\n",
       "      <td>1.4</td>\n",
       "      <td>1</td>\n",
       "      <td>0</td>\n",
       "      <td>2</td>\n",
       "      <td>1</td>\n",
       "    </tr>\n",
       "    <tr>\n",
       "      <th>24</th>\n",
       "      <td>40</td>\n",
       "      <td>1</td>\n",
       "      <td>3</td>\n",
       "      <td>140</td>\n",
       "      <td>199</td>\n",
       "      <td>0</td>\n",
       "      <td>1</td>\n",
       "      <td>178</td>\n",
       "      <td>1</td>\n",
       "      <td>1.4</td>\n",
       "      <td>2</td>\n",
       "      <td>0</td>\n",
       "      <td>3</td>\n",
       "      <td>1</td>\n",
       "    </tr>\n",
       "    <tr>\n",
       "      <th>102</th>\n",
       "      <td>63</td>\n",
       "      <td>0</td>\n",
       "      <td>1</td>\n",
       "      <td>140</td>\n",
       "      <td>195</td>\n",
       "      <td>0</td>\n",
       "      <td>1</td>\n",
       "      <td>179</td>\n",
       "      <td>0</td>\n",
       "      <td>0.0</td>\n",
       "      <td>2</td>\n",
       "      <td>2</td>\n",
       "      <td>2</td>\n",
       "      <td>1</td>\n",
       "    </tr>\n",
       "    <tr>\n",
       "      <th>150</th>\n",
       "      <td>66</td>\n",
       "      <td>1</td>\n",
       "      <td>0</td>\n",
       "      <td>160</td>\n",
       "      <td>228</td>\n",
       "      <td>0</td>\n",
       "      <td>0</td>\n",
       "      <td>138</td>\n",
       "      <td>0</td>\n",
       "      <td>2.3</td>\n",
       "      <td>2</td>\n",
       "      <td>0</td>\n",
       "      <td>1</td>\n",
       "      <td>1</td>\n",
       "    </tr>\n",
       "    <tr>\n",
       "      <th>286</th>\n",
       "      <td>59</td>\n",
       "      <td>1</td>\n",
       "      <td>3</td>\n",
       "      <td>134</td>\n",
       "      <td>204</td>\n",
       "      <td>0</td>\n",
       "      <td>1</td>\n",
       "      <td>162</td>\n",
       "      <td>0</td>\n",
       "      <td>0.8</td>\n",
       "      <td>2</td>\n",
       "      <td>2</td>\n",
       "      <td>2</td>\n",
       "      <td>0</td>\n",
       "    </tr>\n",
       "    <tr>\n",
       "      <th>151</th>\n",
       "      <td>71</td>\n",
       "      <td>0</td>\n",
       "      <td>0</td>\n",
       "      <td>112</td>\n",
       "      <td>149</td>\n",
       "      <td>0</td>\n",
       "      <td>1</td>\n",
       "      <td>125</td>\n",
       "      <td>0</td>\n",
       "      <td>1.6</td>\n",
       "      <td>1</td>\n",
       "      <td>0</td>\n",
       "      <td>2</td>\n",
       "      <td>1</td>\n",
       "    </tr>\n",
       "    <tr>\n",
       "      <th>241</th>\n",
       "      <td>59</td>\n",
       "      <td>0</td>\n",
       "      <td>0</td>\n",
       "      <td>174</td>\n",
       "      <td>249</td>\n",
       "      <td>0</td>\n",
       "      <td>1</td>\n",
       "      <td>143</td>\n",
       "      <td>1</td>\n",
       "      <td>0.0</td>\n",
       "      <td>1</td>\n",
       "      <td>0</td>\n",
       "      <td>2</td>\n",
       "      <td>0</td>\n",
       "    </tr>\n",
       "    <tr>\n",
       "      <th>249</th>\n",
       "      <td>69</td>\n",
       "      <td>1</td>\n",
       "      <td>2</td>\n",
       "      <td>140</td>\n",
       "      <td>254</td>\n",
       "      <td>0</td>\n",
       "      <td>0</td>\n",
       "      <td>146</td>\n",
       "      <td>0</td>\n",
       "      <td>2.0</td>\n",
       "      <td>1</td>\n",
       "      <td>3</td>\n",
       "      <td>3</td>\n",
       "      <td>0</td>\n",
       "    </tr>\n",
       "  </tbody>\n",
       "</table>\n",
       "</div>"
      ],
      "text/plain": [
       "     age  sex  cp  trtbps  chol  fbs  restecg  thalachh  exng  oldpeak  slp  \\\n",
       "290   61    1   0     148   203    0        1       161     0      0.0    2   \n",
       "43    53    0   0     130   264    0        0       143     0      0.4    1   \n",
       "75    55    0   1     135   250    0        0       161     0      1.4    1   \n",
       "24    40    1   3     140   199    0        1       178     1      1.4    2   \n",
       "102   63    0   1     140   195    0        1       179     0      0.0    2   \n",
       "150   66    1   0     160   228    0        0       138     0      2.3    2   \n",
       "286   59    1   3     134   204    0        1       162     0      0.8    2   \n",
       "151   71    0   0     112   149    0        1       125     0      1.6    1   \n",
       "241   59    0   0     174   249    0        1       143     1      0.0    1   \n",
       "249   69    1   2     140   254    0        0       146     0      2.0    1   \n",
       "\n",
       "     caa  thall  output  \n",
       "290    1      3       0  \n",
       "43     0      2       1  \n",
       "75     0      2       1  \n",
       "24     0      3       1  \n",
       "102    2      2       1  \n",
       "150    0      1       1  \n",
       "286    2      2       0  \n",
       "151    0      2       1  \n",
       "241    0      2       0  \n",
       "249    3      3       0  "
      ]
     },
     "execution_count": 18,
     "metadata": {},
     "output_type": "execute_result"
    }
   ],
   "source": [
    "df_heart.info()\n",
    "df_heart.sample(10)\n"
   ]
  },
  {
   "cell_type": "code",
   "execution_count": 19,
   "metadata": {},
   "outputs": [
    {
     "data": {
      "text/html": [
       "<div>\n",
       "<style scoped>\n",
       "    .dataframe tbody tr th:only-of-type {\n",
       "        vertical-align: middle;\n",
       "    }\n",
       "\n",
       "    .dataframe tbody tr th {\n",
       "        vertical-align: top;\n",
       "    }\n",
       "\n",
       "    .dataframe thead th {\n",
       "        text-align: right;\n",
       "    }\n",
       "</style>\n",
       "<table border=\"1\" class=\"dataframe\">\n",
       "  <thead>\n",
       "    <tr style=\"text-align: right;\">\n",
       "      <th></th>\n",
       "      <th>count</th>\n",
       "      <th>mean</th>\n",
       "      <th>std</th>\n",
       "      <th>min</th>\n",
       "      <th>25%</th>\n",
       "      <th>50%</th>\n",
       "      <th>75%</th>\n",
       "      <th>max</th>\n",
       "    </tr>\n",
       "  </thead>\n",
       "  <tbody>\n",
       "    <tr>\n",
       "      <th>age</th>\n",
       "      <td>303.0</td>\n",
       "      <td>54.366337</td>\n",
       "      <td>9.082101</td>\n",
       "      <td>29.0</td>\n",
       "      <td>47.5</td>\n",
       "      <td>55.0</td>\n",
       "      <td>61.0</td>\n",
       "      <td>77.0</td>\n",
       "    </tr>\n",
       "    <tr>\n",
       "      <th>sex</th>\n",
       "      <td>303.0</td>\n",
       "      <td>0.683168</td>\n",
       "      <td>0.466011</td>\n",
       "      <td>0.0</td>\n",
       "      <td>0.0</td>\n",
       "      <td>1.0</td>\n",
       "      <td>1.0</td>\n",
       "      <td>1.0</td>\n",
       "    </tr>\n",
       "    <tr>\n",
       "      <th>cp</th>\n",
       "      <td>303.0</td>\n",
       "      <td>0.966997</td>\n",
       "      <td>1.032052</td>\n",
       "      <td>0.0</td>\n",
       "      <td>0.0</td>\n",
       "      <td>1.0</td>\n",
       "      <td>2.0</td>\n",
       "      <td>3.0</td>\n",
       "    </tr>\n",
       "    <tr>\n",
       "      <th>trtbps</th>\n",
       "      <td>303.0</td>\n",
       "      <td>131.623762</td>\n",
       "      <td>17.538143</td>\n",
       "      <td>94.0</td>\n",
       "      <td>120.0</td>\n",
       "      <td>130.0</td>\n",
       "      <td>140.0</td>\n",
       "      <td>200.0</td>\n",
       "    </tr>\n",
       "    <tr>\n",
       "      <th>chol</th>\n",
       "      <td>303.0</td>\n",
       "      <td>246.264026</td>\n",
       "      <td>51.830751</td>\n",
       "      <td>126.0</td>\n",
       "      <td>211.0</td>\n",
       "      <td>240.0</td>\n",
       "      <td>274.5</td>\n",
       "      <td>564.0</td>\n",
       "    </tr>\n",
       "    <tr>\n",
       "      <th>fbs</th>\n",
       "      <td>303.0</td>\n",
       "      <td>0.148515</td>\n",
       "      <td>0.356198</td>\n",
       "      <td>0.0</td>\n",
       "      <td>0.0</td>\n",
       "      <td>0.0</td>\n",
       "      <td>0.0</td>\n",
       "      <td>1.0</td>\n",
       "    </tr>\n",
       "    <tr>\n",
       "      <th>restecg</th>\n",
       "      <td>303.0</td>\n",
       "      <td>0.528053</td>\n",
       "      <td>0.525860</td>\n",
       "      <td>0.0</td>\n",
       "      <td>0.0</td>\n",
       "      <td>1.0</td>\n",
       "      <td>1.0</td>\n",
       "      <td>2.0</td>\n",
       "    </tr>\n",
       "    <tr>\n",
       "      <th>thalachh</th>\n",
       "      <td>303.0</td>\n",
       "      <td>149.646865</td>\n",
       "      <td>22.905161</td>\n",
       "      <td>71.0</td>\n",
       "      <td>133.5</td>\n",
       "      <td>153.0</td>\n",
       "      <td>166.0</td>\n",
       "      <td>202.0</td>\n",
       "    </tr>\n",
       "    <tr>\n",
       "      <th>exng</th>\n",
       "      <td>303.0</td>\n",
       "      <td>0.326733</td>\n",
       "      <td>0.469794</td>\n",
       "      <td>0.0</td>\n",
       "      <td>0.0</td>\n",
       "      <td>0.0</td>\n",
       "      <td>1.0</td>\n",
       "      <td>1.0</td>\n",
       "    </tr>\n",
       "    <tr>\n",
       "      <th>oldpeak</th>\n",
       "      <td>303.0</td>\n",
       "      <td>1.039604</td>\n",
       "      <td>1.161075</td>\n",
       "      <td>0.0</td>\n",
       "      <td>0.0</td>\n",
       "      <td>0.8</td>\n",
       "      <td>1.6</td>\n",
       "      <td>6.2</td>\n",
       "    </tr>\n",
       "    <tr>\n",
       "      <th>slp</th>\n",
       "      <td>303.0</td>\n",
       "      <td>1.399340</td>\n",
       "      <td>0.616226</td>\n",
       "      <td>0.0</td>\n",
       "      <td>1.0</td>\n",
       "      <td>1.0</td>\n",
       "      <td>2.0</td>\n",
       "      <td>2.0</td>\n",
       "    </tr>\n",
       "    <tr>\n",
       "      <th>caa</th>\n",
       "      <td>303.0</td>\n",
       "      <td>0.729373</td>\n",
       "      <td>1.022606</td>\n",
       "      <td>0.0</td>\n",
       "      <td>0.0</td>\n",
       "      <td>0.0</td>\n",
       "      <td>1.0</td>\n",
       "      <td>4.0</td>\n",
       "    </tr>\n",
       "    <tr>\n",
       "      <th>thall</th>\n",
       "      <td>303.0</td>\n",
       "      <td>2.313531</td>\n",
       "      <td>0.612277</td>\n",
       "      <td>0.0</td>\n",
       "      <td>2.0</td>\n",
       "      <td>2.0</td>\n",
       "      <td>3.0</td>\n",
       "      <td>3.0</td>\n",
       "    </tr>\n",
       "    <tr>\n",
       "      <th>output</th>\n",
       "      <td>303.0</td>\n",
       "      <td>0.544554</td>\n",
       "      <td>0.498835</td>\n",
       "      <td>0.0</td>\n",
       "      <td>0.0</td>\n",
       "      <td>1.0</td>\n",
       "      <td>1.0</td>\n",
       "      <td>1.0</td>\n",
       "    </tr>\n",
       "  </tbody>\n",
       "</table>\n",
       "</div>"
      ],
      "text/plain": [
       "          count        mean        std    min    25%    50%    75%    max\n",
       "age       303.0   54.366337   9.082101   29.0   47.5   55.0   61.0   77.0\n",
       "sex       303.0    0.683168   0.466011    0.0    0.0    1.0    1.0    1.0\n",
       "cp        303.0    0.966997   1.032052    0.0    0.0    1.0    2.0    3.0\n",
       "trtbps    303.0  131.623762  17.538143   94.0  120.0  130.0  140.0  200.0\n",
       "chol      303.0  246.264026  51.830751  126.0  211.0  240.0  274.5  564.0\n",
       "fbs       303.0    0.148515   0.356198    0.0    0.0    0.0    0.0    1.0\n",
       "restecg   303.0    0.528053   0.525860    0.0    0.0    1.0    1.0    2.0\n",
       "thalachh  303.0  149.646865  22.905161   71.0  133.5  153.0  166.0  202.0\n",
       "exng      303.0    0.326733   0.469794    0.0    0.0    0.0    1.0    1.0\n",
       "oldpeak   303.0    1.039604   1.161075    0.0    0.0    0.8    1.6    6.2\n",
       "slp       303.0    1.399340   0.616226    0.0    1.0    1.0    2.0    2.0\n",
       "caa       303.0    0.729373   1.022606    0.0    0.0    0.0    1.0    4.0\n",
       "thall     303.0    2.313531   0.612277    0.0    2.0    2.0    3.0    3.0\n",
       "output    303.0    0.544554   0.498835    0.0    0.0    1.0    1.0    1.0"
      ]
     },
     "execution_count": 19,
     "metadata": {},
     "output_type": "execute_result"
    }
   ],
   "source": [
    "df_heart.describe().T\n"
   ]
  },
  {
   "cell_type": "code",
   "execution_count": 20,
   "metadata": {},
   "outputs": [
    {
     "name": "stdout",
     "output_type": "stream",
     "text": [
      "<class 'pandas.core.frame.DataFrame'>\n",
      "RangeIndex: 3585 entries, 0 to 3584\n",
      "Data columns (total 1 columns):\n",
      " #   Column  Non-Null Count  Dtype  \n",
      "---  ------  --------------  -----  \n",
      " 0   98.6    3585 non-null   float64\n",
      "dtypes: float64(1)\n",
      "memory usage: 28.1 KB\n"
     ]
    },
    {
     "data": {
      "text/html": [
       "<div>\n",
       "<style scoped>\n",
       "    .dataframe tbody tr th:only-of-type {\n",
       "        vertical-align: middle;\n",
       "    }\n",
       "\n",
       "    .dataframe tbody tr th {\n",
       "        vertical-align: top;\n",
       "    }\n",
       "\n",
       "    .dataframe thead th {\n",
       "        text-align: right;\n",
       "    }\n",
       "</style>\n",
       "<table border=\"1\" class=\"dataframe\">\n",
       "  <thead>\n",
       "    <tr style=\"text-align: right;\">\n",
       "      <th></th>\n",
       "      <th>98.6</th>\n",
       "    </tr>\n",
       "  </thead>\n",
       "  <tbody>\n",
       "    <tr>\n",
       "      <th>501</th>\n",
       "      <td>97.5</td>\n",
       "    </tr>\n",
       "    <tr>\n",
       "      <th>2468</th>\n",
       "      <td>98.6</td>\n",
       "    </tr>\n",
       "    <tr>\n",
       "      <th>3024</th>\n",
       "      <td>99.6</td>\n",
       "    </tr>\n",
       "    <tr>\n",
       "      <th>3300</th>\n",
       "      <td>99.6</td>\n",
       "    </tr>\n",
       "    <tr>\n",
       "      <th>840</th>\n",
       "      <td>97.5</td>\n",
       "    </tr>\n",
       "    <tr>\n",
       "      <th>3570</th>\n",
       "      <td>98.8</td>\n",
       "    </tr>\n",
       "    <tr>\n",
       "      <th>1043</th>\n",
       "      <td>97.6</td>\n",
       "    </tr>\n",
       "    <tr>\n",
       "      <th>384</th>\n",
       "      <td>98.0</td>\n",
       "    </tr>\n",
       "    <tr>\n",
       "      <th>935</th>\n",
       "      <td>98.6</td>\n",
       "    </tr>\n",
       "    <tr>\n",
       "      <th>1020</th>\n",
       "      <td>98.6</td>\n",
       "    </tr>\n",
       "  </tbody>\n",
       "</table>\n",
       "</div>"
      ],
      "text/plain": [
       "      98.6\n",
       "501   97.5\n",
       "2468  98.6\n",
       "3024  99.6\n",
       "3300  99.6\n",
       "840   97.5\n",
       "3570  98.8\n",
       "1043  97.6\n",
       "384   98.0\n",
       "935   98.6\n",
       "1020  98.6"
      ]
     },
     "execution_count": 20,
     "metadata": {},
     "output_type": "execute_result"
    }
   ],
   "source": [
    "df_o2Sat.info()\n",
    "df_o2Sat.sample(10)"
   ]
  },
  {
   "cell_type": "code",
   "execution_count": 21,
   "metadata": {},
   "outputs": [
    {
     "data": {
      "text/html": [
       "<div>\n",
       "<style scoped>\n",
       "    .dataframe tbody tr th:only-of-type {\n",
       "        vertical-align: middle;\n",
       "    }\n",
       "\n",
       "    .dataframe tbody tr th {\n",
       "        vertical-align: top;\n",
       "    }\n",
       "\n",
       "    .dataframe thead th {\n",
       "        text-align: right;\n",
       "    }\n",
       "</style>\n",
       "<table border=\"1\" class=\"dataframe\">\n",
       "  <thead>\n",
       "    <tr style=\"text-align: right;\">\n",
       "      <th></th>\n",
       "      <th>98.6</th>\n",
       "    </tr>\n",
       "  </thead>\n",
       "  <tbody>\n",
       "    <tr>\n",
       "      <th>count</th>\n",
       "      <td>3585.000000</td>\n",
       "    </tr>\n",
       "    <tr>\n",
       "      <th>mean</th>\n",
       "      <td>98.239275</td>\n",
       "    </tr>\n",
       "    <tr>\n",
       "      <th>std</th>\n",
       "      <td>0.726336</td>\n",
       "    </tr>\n",
       "    <tr>\n",
       "      <th>min</th>\n",
       "      <td>96.500000</td>\n",
       "    </tr>\n",
       "    <tr>\n",
       "      <th>25%</th>\n",
       "      <td>97.600000</td>\n",
       "    </tr>\n",
       "    <tr>\n",
       "      <th>50%</th>\n",
       "      <td>98.600000</td>\n",
       "    </tr>\n",
       "    <tr>\n",
       "      <th>75%</th>\n",
       "      <td>98.600000</td>\n",
       "    </tr>\n",
       "    <tr>\n",
       "      <th>max</th>\n",
       "      <td>99.600000</td>\n",
       "    </tr>\n",
       "  </tbody>\n",
       "</table>\n",
       "</div>"
      ],
      "text/plain": [
       "              98.6\n",
       "count  3585.000000\n",
       "mean     98.239275\n",
       "std       0.726336\n",
       "min      96.500000\n",
       "25%      97.600000\n",
       "50%      98.600000\n",
       "75%      98.600000\n",
       "max      99.600000"
      ]
     },
     "execution_count": 21,
     "metadata": {},
     "output_type": "execute_result"
    }
   ],
   "source": [
    "df_o2Sat.describe()"
   ]
  },
  {
   "cell_type": "code",
   "execution_count": 22,
   "metadata": {},
   "outputs": [
    {
     "data": {
      "application/vnd.plotly.v1+json": {
       "config": {
        "plotlyServerURL": "https://plot.ly"
       },
       "data": [
        {
         "coloraxis": "coloraxis",
         "hovertemplate": "x: %{x}<br>y: %{y}<br>color: %{z}<extra></extra>",
         "name": "0",
         "type": "heatmap",
         "x": [
          "age",
          "sex",
          "cp",
          "trtbps",
          "chol",
          "fbs",
          "restecg",
          "thalachh",
          "exng",
          "oldpeak",
          "slp",
          "caa",
          "thall",
          "output"
         ],
         "xaxis": "x",
         "y": [
          "age",
          "sex",
          "cp",
          "trtbps",
          "chol",
          "fbs",
          "restecg",
          "thalachh",
          "exng",
          "oldpeak",
          "slp",
          "caa",
          "thall",
          "output"
         ],
         "yaxis": "y",
         "z": [
          [
           1,
           -0.09844660247479375,
           -0.06865301584014537,
           0.27935090656128797,
           0.2136779565595619,
           0.1213076480933747,
           -0.11621089815852946,
           -0.3985219381210681,
           0.09680082645526811,
           0.21001256735867396,
           -0.16881423801209605,
           0.27632624401913936,
           0.06800137705465205,
           -0.22543871587483838
          ],
          [
           -0.09844660247479375,
           1,
           -0.04935287534698945,
           -0.0567688239696438,
           -0.19791217414110693,
           0.04503178919356035,
           -0.058196267703754766,
           -0.04401990776957467,
           0.14166381099150557,
           0.09609287706773899,
           -0.030710567303172596,
           0.11826141332036008,
           0.21004109563720721,
           -0.28093657550176676
          ],
          [
           -0.06865301584014537,
           -0.04935287534698945,
           1,
           0.04760776064464909,
           -0.07690439103320765,
           0.09444403499533138,
           0.0444205925101639,
           0.29576212458791074,
           -0.39428026849502185,
           -0.14923015809708104,
           0.11971658853470653,
           -0.18105302605349538,
           -0.16173557051002235,
           0.43379826150689443
          ],
          [
           0.27935090656128797,
           -0.0567688239696438,
           0.04760776064464909,
           1,
           0.12317420653239047,
           0.1775305419344599,
           -0.11410278639187008,
           -0.04669772814795376,
           0.06761611953876327,
           0.19321647240953582,
           -0.12147458192644964,
           0.10138898530055088,
           0.062209887630861084,
           -0.14493112849775
          ],
          [
           0.2136779565595619,
           -0.19791217414110693,
           -0.07690439103320765,
           0.12317420653239047,
           1,
           0.013293602251671545,
           -0.15104007833751223,
           -0.009939838642698075,
           0.06702278257394262,
           0.05395191998699381,
           -0.004037770369683779,
           0.07051092522607601,
           0.09880299250014513,
           -0.08523910513756904
          ],
          [
           0.1213076480933747,
           0.04503178919356035,
           0.09444403499533138,
           0.1775305419344599,
           0.013293602251671545,
           1,
           -0.0841890544310268,
           -0.008567107343486924,
           0.025665147202126176,
           0.005747223459644359,
           -0.05989417829041802,
           0.1379793270278513,
           -0.03201933931349756,
           -0.028045760272712952
          ],
          [
           -0.11621089815852946,
           -0.058196267703754766,
           0.0444205925101639,
           -0.11410278639187008,
           -0.15104007833751223,
           -0.0841890544310268,
           1,
           0.04412344408543699,
           -0.07073285587236658,
           -0.05877022631983708,
           0.0930448209744822,
           -0.07204243324693001,
           -0.011981404599806436,
           0.1372295028737732
          ],
          [
           -0.3985219381210681,
           -0.04401990776957467,
           0.29576212458791074,
           -0.04669772814795376,
           -0.009939838642698075,
           -0.008567107343486924,
           0.04412344408543699,
           1,
           -0.3788120938514863,
           -0.34418694796671606,
           0.38678440981481926,
           -0.21317692811538935,
           -0.09643913165982082,
           0.4217409338106742
          ],
          [
           0.09680082645526811,
           0.14166381099150557,
           -0.39428026849502185,
           0.06761611953876327,
           0.06702278257394262,
           0.025665147202126176,
           -0.07073285587236658,
           -0.3788120938514863,
           1,
           0.28822280778276554,
           -0.25774836853016647,
           0.11573937807050606,
           0.20675378773953748,
           -0.43675708335330315
          ],
          [
           0.21001256735867396,
           0.09609287706773899,
           -0.14923015809708104,
           0.19321647240953582,
           0.05395191998699381,
           0.005747223459644359,
           -0.05877022631983708,
           -0.34418694796671606,
           0.28822280778276554,
           1,
           -0.5775368167291409,
           0.22268232182782355,
           0.21024412598264872,
           -0.4306960016873686
          ],
          [
           -0.16881423801209605,
           -0.030710567303172596,
           0.11971658853470653,
           -0.12147458192644964,
           -0.004037770369683779,
           -0.05989417829041802,
           0.0930448209744822,
           0.38678440981481926,
           -0.25774836853016647,
           -0.5775368167291409,
           1,
           -0.0801552102146397,
           -0.1047637946214955,
           0.34587707824172464
          ],
          [
           0.27632624401913936,
           0.11826141332036008,
           -0.18105302605349538,
           0.10138898530055088,
           0.07051092522607601,
           0.1379793270278513,
           -0.07204243324693001,
           -0.21317692811538935,
           0.11573937807050606,
           0.22268232182782355,
           -0.0801552102146397,
           1,
           0.15183212548208916,
           -0.39172399235125244
          ],
          [
           0.06800137705465205,
           0.21004109563720721,
           -0.16173557051002235,
           0.062209887630861084,
           0.09880299250014513,
           -0.03201933931349756,
           -0.011981404599806436,
           -0.09643913165982082,
           0.20675378773953748,
           0.21024412598264872,
           -0.1047637946214955,
           0.15183212548208916,
           1,
           -0.34402926803830997
          ],
          [
           -0.22543871587483838,
           -0.28093657550176676,
           0.43379826150689443,
           -0.14493112849775,
           -0.08523910513756904,
           -0.028045760272712952,
           0.1372295028737732,
           0.4217409338106742,
           -0.43675708335330315,
           -0.4306960016873686,
           0.34587707824172464,
           -0.39172399235125244,
           -0.34402926803830997,
           1
          ]
         ]
        }
       ],
       "layout": {
        "coloraxis": {
         "colorscale": [
          [
           0,
           "#0d0887"
          ],
          [
           0.1111111111111111,
           "#46039f"
          ],
          [
           0.2222222222222222,
           "#7201a8"
          ],
          [
           0.3333333333333333,
           "#9c179e"
          ],
          [
           0.4444444444444444,
           "#bd3786"
          ],
          [
           0.5555555555555556,
           "#d8576b"
          ],
          [
           0.6666666666666666,
           "#ed7953"
          ],
          [
           0.7777777777777778,
           "#fb9f3a"
          ],
          [
           0.8888888888888888,
           "#fdca26"
          ],
          [
           1,
           "#f0f921"
          ]
         ]
        },
        "template": {
         "data": {
          "bar": [
           {
            "error_x": {
             "color": "#2a3f5f"
            },
            "error_y": {
             "color": "#2a3f5f"
            },
            "marker": {
             "line": {
              "color": "#E5ECF6",
              "width": 0.5
             },
             "pattern": {
              "fillmode": "overlay",
              "size": 10,
              "solidity": 0.2
             }
            },
            "type": "bar"
           }
          ],
          "barpolar": [
           {
            "marker": {
             "line": {
              "color": "#E5ECF6",
              "width": 0.5
             },
             "pattern": {
              "fillmode": "overlay",
              "size": 10,
              "solidity": 0.2
             }
            },
            "type": "barpolar"
           }
          ],
          "carpet": [
           {
            "aaxis": {
             "endlinecolor": "#2a3f5f",
             "gridcolor": "white",
             "linecolor": "white",
             "minorgridcolor": "white",
             "startlinecolor": "#2a3f5f"
            },
            "baxis": {
             "endlinecolor": "#2a3f5f",
             "gridcolor": "white",
             "linecolor": "white",
             "minorgridcolor": "white",
             "startlinecolor": "#2a3f5f"
            },
            "type": "carpet"
           }
          ],
          "choropleth": [
           {
            "colorbar": {
             "outlinewidth": 0,
             "ticks": ""
            },
            "type": "choropleth"
           }
          ],
          "contour": [
           {
            "colorbar": {
             "outlinewidth": 0,
             "ticks": ""
            },
            "colorscale": [
             [
              0,
              "#0d0887"
             ],
             [
              0.1111111111111111,
              "#46039f"
             ],
             [
              0.2222222222222222,
              "#7201a8"
             ],
             [
              0.3333333333333333,
              "#9c179e"
             ],
             [
              0.4444444444444444,
              "#bd3786"
             ],
             [
              0.5555555555555556,
              "#d8576b"
             ],
             [
              0.6666666666666666,
              "#ed7953"
             ],
             [
              0.7777777777777778,
              "#fb9f3a"
             ],
             [
              0.8888888888888888,
              "#fdca26"
             ],
             [
              1,
              "#f0f921"
             ]
            ],
            "type": "contour"
           }
          ],
          "contourcarpet": [
           {
            "colorbar": {
             "outlinewidth": 0,
             "ticks": ""
            },
            "type": "contourcarpet"
           }
          ],
          "heatmap": [
           {
            "colorbar": {
             "outlinewidth": 0,
             "ticks": ""
            },
            "colorscale": [
             [
              0,
              "#0d0887"
             ],
             [
              0.1111111111111111,
              "#46039f"
             ],
             [
              0.2222222222222222,
              "#7201a8"
             ],
             [
              0.3333333333333333,
              "#9c179e"
             ],
             [
              0.4444444444444444,
              "#bd3786"
             ],
             [
              0.5555555555555556,
              "#d8576b"
             ],
             [
              0.6666666666666666,
              "#ed7953"
             ],
             [
              0.7777777777777778,
              "#fb9f3a"
             ],
             [
              0.8888888888888888,
              "#fdca26"
             ],
             [
              1,
              "#f0f921"
             ]
            ],
            "type": "heatmap"
           }
          ],
          "heatmapgl": [
           {
            "colorbar": {
             "outlinewidth": 0,
             "ticks": ""
            },
            "colorscale": [
             [
              0,
              "#0d0887"
             ],
             [
              0.1111111111111111,
              "#46039f"
             ],
             [
              0.2222222222222222,
              "#7201a8"
             ],
             [
              0.3333333333333333,
              "#9c179e"
             ],
             [
              0.4444444444444444,
              "#bd3786"
             ],
             [
              0.5555555555555556,
              "#d8576b"
             ],
             [
              0.6666666666666666,
              "#ed7953"
             ],
             [
              0.7777777777777778,
              "#fb9f3a"
             ],
             [
              0.8888888888888888,
              "#fdca26"
             ],
             [
              1,
              "#f0f921"
             ]
            ],
            "type": "heatmapgl"
           }
          ],
          "histogram": [
           {
            "marker": {
             "pattern": {
              "fillmode": "overlay",
              "size": 10,
              "solidity": 0.2
             }
            },
            "type": "histogram"
           }
          ],
          "histogram2d": [
           {
            "colorbar": {
             "outlinewidth": 0,
             "ticks": ""
            },
            "colorscale": [
             [
              0,
              "#0d0887"
             ],
             [
              0.1111111111111111,
              "#46039f"
             ],
             [
              0.2222222222222222,
              "#7201a8"
             ],
             [
              0.3333333333333333,
              "#9c179e"
             ],
             [
              0.4444444444444444,
              "#bd3786"
             ],
             [
              0.5555555555555556,
              "#d8576b"
             ],
             [
              0.6666666666666666,
              "#ed7953"
             ],
             [
              0.7777777777777778,
              "#fb9f3a"
             ],
             [
              0.8888888888888888,
              "#fdca26"
             ],
             [
              1,
              "#f0f921"
             ]
            ],
            "type": "histogram2d"
           }
          ],
          "histogram2dcontour": [
           {
            "colorbar": {
             "outlinewidth": 0,
             "ticks": ""
            },
            "colorscale": [
             [
              0,
              "#0d0887"
             ],
             [
              0.1111111111111111,
              "#46039f"
             ],
             [
              0.2222222222222222,
              "#7201a8"
             ],
             [
              0.3333333333333333,
              "#9c179e"
             ],
             [
              0.4444444444444444,
              "#bd3786"
             ],
             [
              0.5555555555555556,
              "#d8576b"
             ],
             [
              0.6666666666666666,
              "#ed7953"
             ],
             [
              0.7777777777777778,
              "#fb9f3a"
             ],
             [
              0.8888888888888888,
              "#fdca26"
             ],
             [
              1,
              "#f0f921"
             ]
            ],
            "type": "histogram2dcontour"
           }
          ],
          "mesh3d": [
           {
            "colorbar": {
             "outlinewidth": 0,
             "ticks": ""
            },
            "type": "mesh3d"
           }
          ],
          "parcoords": [
           {
            "line": {
             "colorbar": {
              "outlinewidth": 0,
              "ticks": ""
             }
            },
            "type": "parcoords"
           }
          ],
          "pie": [
           {
            "automargin": true,
            "type": "pie"
           }
          ],
          "scatter": [
           {
            "fillpattern": {
             "fillmode": "overlay",
             "size": 10,
             "solidity": 0.2
            },
            "type": "scatter"
           }
          ],
          "scatter3d": [
           {
            "line": {
             "colorbar": {
              "outlinewidth": 0,
              "ticks": ""
             }
            },
            "marker": {
             "colorbar": {
              "outlinewidth": 0,
              "ticks": ""
             }
            },
            "type": "scatter3d"
           }
          ],
          "scattercarpet": [
           {
            "marker": {
             "colorbar": {
              "outlinewidth": 0,
              "ticks": ""
             }
            },
            "type": "scattercarpet"
           }
          ],
          "scattergeo": [
           {
            "marker": {
             "colorbar": {
              "outlinewidth": 0,
              "ticks": ""
             }
            },
            "type": "scattergeo"
           }
          ],
          "scattergl": [
           {
            "marker": {
             "colorbar": {
              "outlinewidth": 0,
              "ticks": ""
             }
            },
            "type": "scattergl"
           }
          ],
          "scattermapbox": [
           {
            "marker": {
             "colorbar": {
              "outlinewidth": 0,
              "ticks": ""
             }
            },
            "type": "scattermapbox"
           }
          ],
          "scatterpolar": [
           {
            "marker": {
             "colorbar": {
              "outlinewidth": 0,
